236
1000
 839
 217
 612
 640
 726
 311
 617
 658
 396
 501
  69
 832
 607
 716
 547
 613
 102
 277
 660
 762
 260
 998
 407
 804
 328
 881
 380
 502
 440
 570
 714
 245
 666
 373
 364
 580
 296
 995
 316
 225
 263
  96
 315
 112
  55
  56
 134
 484
 908
 648
 422
 324
 367
 329
 136
 470
 831
 519
 772
 958
 241
 474
 221
 168
 857
 180
 430
 893
 370
 860
 946
  84
 877
  64
 283
 885
 412
 806
  28
 273
 428
 314
 404
 292
 756
 964
 825
 593
  54
 942
 540
 129
 105
 218
  31
 991
 826
   2
 888
 255
 330
 356
 516
 558
 199
 345
 553
 853
 676
 957
 982
 781
  37
 633
 419
 196
 590
 841
 230
 443
 984
 198
 400
 779
 702
 876
 620
 827
 242
 383
 513
 718
 834
 298
  74
 819
 927
 794
 705
 103
 643
 520
 802
 698
 402
 799
 704
 494
 344
 135
 235
 867
 175
 205
 538
 688
 556
 425
 503
 897
 746
 471
  22
 276
 184
 549
 700
 172
 153
 715
   3
 793
 174
 918
  51
 350
 537
 179
 956
 582
 962
  87
 124
 541
 392
 709
 664
 777
 223
 475
 498
 495
 527
 822
 423
 758
 668
 659
 222
 209
 622
 788
 838
 508
 385
 879
 191
 938
  18
 274
 886
 126
 575
 796
 244
 285
 233
 912
 414
 571
 850
 680
 200
 325
 453
 251
 265
 703
 743
 451
 939
 186
 564
 889
  86
 803
 164
 239
 873
  10
 753
 971
  61
 869
 417
  98
  89
 203
 561
 944
  70
 379
 990
 732
 146
  36
 504
 636
 280
 106
 188
 119
 418
 780
 121
 413
 468
 391
 460
 562
 310
 616
 844
 376
 429
 604
 388
 823
 517
 691
 187
 767
  47
 158
 729
 581
 592
  15
 308
   5
 836
 731
 675
 295
 813
 554
 814
 967
 789
 381
 481
 707
 937
 496
 745
 859
 159
 212
 313
 646
 557
  59
 761
 690
 459
 114
  75
   7
 828
 150
 945
 546
 357
 936
 445
 270
 895
 268
 896
 213
  62
 587
 711
 334
 137
  63
 246
 545
  40
 389
 287
 374
 318
 597
 940
 663
 427
 754
 689
 266
 727
 969
 254
 721
 542
 299
 787
 955
 108
 809
 610
 216
 394
 619
 250
 147
 785
 902
 305
 665
 269
 154
 411
  68
 810
 115
 176
 426
 492
 156
 701
 678
  71
 861
 327
 497
 347
 340
 197
 130
 868
 101
 631
 932
 226
 583
 621
 760
  20
 307
4306
 9278
 5149
 5789
 8838
 3895
 9374
 8915
 4199
 1620
 4231
 3410
 3402
 6448
 9074
 2086
 7613
 6382
 8569
 7003
 5916
 1201
 3623
 7073
 3339
 3740
 2959
 1211
 6761
 6488
 3329
 9265
 2042
 4315
 2076
 5883
 6816
 2501
 4190
 5953
 3805
 2640
 5104
 3822
 3175
 5445
 3389
 9364
 2961
 9289
 4909
 5848
 9549
 8731
 3643
 5867
 1750
 5899
 9205
 1650
 5320
 6365
 1639
 9191
 8808
 3050
 8527
 4723
 5347
 4457
 3496
 2373
 3596
 5683
 3053
 1258
 6981
 5401
 8879
 6652
 3721
 8499
 7226
 7096
 8182
 4737
 6137
 6082
 6645
 8922
 8979
 8224
 7236
 2798
 7135
 6884
 7568
 6563
 4373
 9723
 8674
 5508
 4778
 6417
 5239
 7881
 4216
 4466
 4102
 7705
 7579
 7686
 7565
 2490
 6278
 6544
 5189
 4898
 1292
 2551
 9349
 4794
 1562
 2642
 3029
 2215
 4560
 9065
 9455
 1159
 8580
 1443
 9562
 3289
 1297
 7455
 2288
 7456
 4672
 6150
 4832
 4227
 6156
 1769
 4484
 1598
 8615
 1693
 2599
 3767
 5786
 3375
 6574
 6931
 9702
 3150
 1631
 8947
 9199
 7445
 4106
 2755
 1898
 3385
 5532
 9540
 4988
 4298
 2159
 4060
 8390
 2144
 8648
 1903
 7265
 5200
 7643
 8422
 1989
 9382
 4035
 1713
 1999
 6069
 1342
 3277
 7099
 8166
 3824
 1734
 8414
 8975
 7459
 2899
 5520
 8728
 9287
 8736
 9503
 7787
 5316
 2411
 3556
 5229
 9901
 1907
 9910
 3854
 6389
 1499
 8023
 2844
 5930
 6844
 4389
 7473
 1695
 6451
 3437
 4098
 9103
 7325
 4441
 4120
 5161
 3037
 7721
 5731
 1951
 5009
 2938
 6085
 2445
 1453
 5156
 2861
 9782
 1254
 4290
 3846
 6823
 9729
 3681
 7100
 3702
 3494
 1533
 8558
 8544
 8564
 4582
 3025
 6749
 8754
 6170
 5982
 2988
 6151
 8108
 8702
 4064
 7506
 7502
 7647
 4704
 2300
 7061
 8713
 9470
 9273
 1988
 8633
 8538
 4642
 8557
 6760
 3063
 6135
 7690
 3398
 3211
 7759
 1411
 7353
 5295
 2838
 2206
 8248
 5843
 3149
 3668
 8790
 2403
 9925
 9301
 1163
 7768
 6390
 8433
 7070
 8950
 5198
 8451
 7126
 4474
 9615
 8035
 8331
 7451
 2260
 5782
 6513
 7852
 2573
 4088
 2376
 5108
 2700
 9850
 1891
 2550
 4362
 5357
 1175
 6381
 6624
 8289
 8360
 9059
 1781
 3827
 1623
 1948
 2069
 6333
 1940
 8446
 4997
 4670
 4612
 6233
 2416
 9448
 2316
 1703
 5955
 3282
 4697
 6308
 9645
 3247
 9730
 5428
 1131
 1221
 9042
 5653
 6795
 3673
 4030
 7029
 8036
 4913
 2415
 7609
 7661
 4781
 7210
 4652
 9631
 5154
 2541
 3687
 2315
 9946
 4822
 5984
 2907
 4901
 6676
 3903
 3749
 4371
 8017
 9236
 4620
 1603
 1199
 9984
 7595
 2244
 4950
 2791
 8780
 9616
 7636
 7588
 3550
 2341
 7933
 3045
 4884
 6688
 8619
 6422
 9093
 1995
 5919
 4276
 1514
 9352
 7216
 8511
 7602
 4016
 9027
 1602
 1552
 7823
 1269
 6193
 3969
 6625
 1325
 6409
 6843
 3207
 2105
 2442
 3089
 2608
 8821
 1627
 3424
 4029
 7020
 1147
 8251
 1776
 2985
 8877
 8174
 7656
 7517
 1424
 6366
 7781
 1485
 3562
 2261
 8999
 3469
 7284
 1261
 9895
 1585
 5182
 6808
 4558
 5686
 7161
 5954
 6775
 2837
 1546
 4729
 4683
 1558
 9538
 5863
 9826
 1146
 6851
 9376
 7034
 4407
 9758
 8057
 2860
 9493
 1740
 3090
 1621
 1720
 3092
 1646
 1850
 5441
 2112
 9161
 4640
 7335
 8992
 7918
 4900
 9884
 4782
 1310
 1449
 1027
 8503
 9314
 3141
 1367
 6598
 1597
 9313
 5650
 5754
 1511
 2236
 2350
 4154
 4440
 4785
 7840
 2930
 5845
 2343
 7788
 5541
 5460
 7929
 6885
 8907
 9856
 6152
 5048
 5521
 5023
 2655
 9315
 2524
 1594
 7842
 4462
 3678
 3457
 5932
 1908
 8636
 6016
 9821
 4854
 7755
 6345
 3022
 6161
 3266
 2295
 1140
 9505
 5225
 6501
 4213
 7066
 1673
 3595
 7983
 3376
 2358
 9947
 5615
 9823
 5072
 5695
 8706
 5339
 2127
 5555
 2091
 4467
 2511
 7530
 7756
 7749
 5136
 2037
 8250
 3608
 7974
 9251
 8698
 3434
 8195
 8885
 9683
 5605
 7996
 3564
 8417
 8461
 9931
 6412
 8778
 3926
 7861
 9338
 6818
 4960
 1699
 5871
 9940
 3671
 8966
 6798
 9506
 6419
 9520
 8851
 6095
 5293
 3561
 5990
 9238
 4659
 8612
 5962
 6920
 3274
 6936
 8218
 7880
 2602
 6250
 9014
 3138
 8957
 3477
 1860
 7057
 6838
 7543
 8878
 9887
 3242
 9755
 7401
 2150
 6098
 8061
 6634
 9694
 5900
 1023
 9398
 8205
 4333
 9194
 1566
 1828
 9635
 8340
 5783
 7016
 4895
 4200
 3809
 3228
 4559
 2641
 1450
 5988
 4973
 4755
 3275
 1574
 7906
 4593
 4806
 7938
 3647
 4279
 8212
 9748
 1366
 5952
 1556
 3834
 8402
 5522
 1668
 4156
 3373
 7782
 6964
 2454
 2766
 7005
 4525
 6989
 2281
 6654
 8024
 2919
 6890
 7088
 5961
 6536
 8284
 1706
 9429
 2571
 1469
 7001
 8005
 7452
 7802
 7848
 1412
 7942
 6088
 1426
 7254
 7423
 8960
 1290
 1545
 1856
 8970
 1405
 6653
 8962
 6379
 9066
 5301
 5806
 8059
 6384
 4136
 3651
 7894
 2597
 7744
 1608
 1672
 3629
 9845
 4037
 3880
 1969
 5227
 3324
 8199
 7218
 8055
 4089
 1446
 5412
 4601
 2538
 6541
 1983
 8176
 2871
 3972
 8339
 8003
 2705
 8776
 8517
 3500
 8477
 2187
 2863
 1950
 4215
 4978
 1745
 3131
 2023
 4165
 3110
 5380
 4448
 3293
 2216
 9133
 5285
 5386
 8721
 7159
 1252
 7810
 6840
 4275
 3101
 4625
 9293
 5823
 4943
 4456
 9747
 2848
 5251
 6187
 6515
 4313
 1716
 4638
 7075
 2661
 4172
 2631
 1008
 9396
 2697
 6581
 1437
 5787
 2971
 4225
 4439
 1347
 4869
 6940
 9915
 7741
 2895
 5139
 9792
 2643
 9418
 2684
 6360
 8725
 1553
 5141
 2774
 8469
 1599
 5585
 8380
 8707
 9073
 4100
 7308
 9184
 9366
 9577
 9719
 5115
 3660
 5890
 8906
 1257
 8956
 7400
 5764
 1466
 9461
 8117
 5572
 3843
 1494
 5618
 3853
 5957
 7675
 1616
 9886
 6927
 2496
 4090
 4573
 8415
 5467
 6988
 5431
 2793
 8727
 2593
 1751
 9687
 8410
 4795
 2704
 1007
 5110
 4512
 8056
 4360
 7018
 6712
 3705
 6010
 4401
 8097
 2892
 3188
 8064
 1508
 6284
 2478
 9630
 3557
 6157
 8075
 5224
 2128
 1067
 9123
 6437
 3732
 8001
 9068
 7816
 2406
 5641
 3305
 1102
 6436
 3035
 2171
 4160
 4826
 8215
 7360
 4799
 8824
 9757
 9183
 4144
 7291
 5199
 3653
 2031
 8384
 8177
 7326
 8356
 7606
 6394
 6848
 2874
 3387
 4495
 4579
 3943
 2532
 7746
 6467
 1959
 2098
 5696
 2198
 8364
 7062
 2101
 4800
 5617
 5296
 1332
 4777
 9917
 8102
 9244
 9572
 8848
 6395
 5924
 3961
 8090
 3606
 7160
 9967
 8301
 6030
 4803
 5041
 2368
 1210
 7619
 3448
 9954
 9958
 9979
 4341
 9612
 3898
 3733
 2296
 1484
 9903
 7351
 4949
 6206
 1742
 3166
 7047
 1632
 6734
 4385
 6514
 1885
 8596
 7673
 6092
 9024
 5793
 7055
 4691
 3394
 4819
 2777
 7927
 2502
 9465
 7024
 9699
 1863
 6190
 9343
 8020
 7900
 2954
 8214
 8186
 1841
 3292
 1542
 2459
 5167
 4237
 8830
 9433
 3837
 3452
 6925
 3170
 6548
 2570
 4002
 8522
 5192
 7111
 8551
 5655
 7289
 2518
 7044
 1176
 3703
 7457
 9340
 4409
 8047
 7425
 8855
 6012
 3491
 1531
 7873
 8592
 5455
 1911
 1037
 2224
 4281
 1504
 8303
 6159
 3882
 3159
 2092
 2016
 2432
 4327
 6376
 4268
 3139
 1130
 4681
 2183
 2739
 4879
 8750
 8837
 9742
 2110
 3810
 7940
 5215
 6983
 4492
 9327
 2934
 8022
 6958
 3909
 6968
 9188
 3538
 5059
 8678
 2539
 1364
 8627
 4886
 6736
 3245
 3625
 2172
 8909
 5944
 6837
 6043
 7394
 1793
 9662
 1842
 3704
 4077
 4402
 7921
 1121
 8937
 8158
 1543
 4802
 1846
 3462
 6077
 6234
 8262
 6974
 8201
 7285
 5157
 1115
 4194
 3657
 7134
 1404
 3234
 1560
 3032
 7488
 6017
 5332
 3123
 9160
 4592
 5561
 4118
 7079
 6550
 4369
 3060
 6032
 6281
 9722
 5619
 2348
 7952
 6480
 4487
 3348
 1641
 4954
 1048
 6814
 6235
 7954
 9173
 6700
 9936
 3798
 7247
 8692
 6004
 1407
 2521
 4255
 3164
 2523
 3842
 6275
 7157
 5595
 3227
 9920
 6779
 3202
 5447
 1928
 8259
 8810
 5259
 1294
 7359
 7339
 6037
 8666
 8240
 9097
 2268
 2797
 9165
 8079
 8575
 4624
 8222
 9438
 2730
 3874
 6091
 4728
 9632
 1660
 8883
 8206
 2095
 1470
 5740
 5853
 4902
 5737
 8045
 5128
 2683
 2149
 4112
 9468
 8917
 2233
 2940
 5137
 6325
 1370
 3012
 5373
 4406
 6430
 9361
 3446
 4939
 8817
 5280
 9809
 9363
 8743
 6649
 6295
 8290
 9203
 5674
 8595
 2370
 2191
 7551
 2660
 6440
 2238
 4544
 5507
 8412
 5767
 1054
 7246
 4753
 7328
 1786
 7060
 1323
 1998
 7405
 9389
 8861
 3879
 6008
 7426
 4184
 9651
 7303
 2872
 4787
 1825
 1465
 6249
 3226
 7920
 7140
 1166
 1953
 1079
 3498
 7098
 5628
 2548
 2905
 7399
 1271
 6062
 6050
 7941
 8101
 8591
 2392
 5671
 3654
 5965
 3388
 4725
 5415
 9708
 5335
 5457
 7492
 3065
 7321
 5159
 4166
 2422
 7748
 3784
 2481
 3261
 7272
 9045
 3816
 9565
 3774
 6593
 7784
 7793
 8095
 4051
 9402
 2228
 1138
 9162
 9816
 4739
 7575
 8710
 2505
 5163
 4840
 2910
 1536
 9913
 1707
 7666
 4444
 4485
 7959
 3030
 2146
 9779
 9075
 8313
 3832
 5279
 5005
 2461
 3712
 1691
 6413
 9524
 3649
 3181
 3878
 7885
 3890
 8162
 5039
 8910
 2824
 6492
 6399
 3400
 8631
 4591
 2457
 9485
 9593
 9240
 8629
 5756
 1444
 8204
 9793
 7486
 9738
 3594
 2996
 6716
 2778
 6583
 1869
 1874
 6108
 6628
 6564
 8143
 6266
 4180
 5414
 2796
 7180
 1683
 5794
 6102
 6751
 2189
 5472
 4212
 7215
 1383
 1359
 8716
 2413
 7877
 8948
 8961
 1386
 1588
 8217
 7839
 6386
 1065
 7025
 2385
 5983
 1376
 1160
 4654
 7048
 4358
 1817
 4039
 3662
 5539
 2680
 7444
 4220
 4791
 2192
 8048
 1994
 7346
 1377
 3136
 6568
 6623
 8971
 8918
 4355
 6429
 9986
 1670
 8110
 7344
 1206
 6213
 3990
 6166
 9568
 5471
 6887
 3933
 6421
 2972
 5484
 5639
 9312
 6477
 6637
 8308
 5324
 7640
 5583
 1274
 1462
 8138
 3602
 2132
 2620
 1338
 4717
 4882
 3129
 9640
 5162
 4196
 2903
 6896
 5300
 9447
 2710
 8397
 3252
 4786
 3432
 3345
 5814
 9634
 6939
 8588
 3962
 9149
 7681
 3300
 7711
 3441
 2444
 5542
 4006
 4896
 3776
 7259
 2170
 7176
 9696
 2748
 7136
 3119
 5780
 2552
 6316
 4447
 4476
 7791
 8144
 6367
 5714
 9934
 2174
 2984
 6453
 5477
 8256
 7132
 6743
 5796
 1251
 6330
 9391
 7779
 8722
 7740
 7694
 2734
 4818
 1095
 8193
 6044
 2980
 1481
 4581
 4964
 2604
 6827
 1626
 1002
 4094
 2339
 7803
 8946
 5211
 5479
 3467
 2966
 1156
 6221
 3243
 7251
 5825
 4609
 5967
 8423
 8553
 1284
 9551
 8866
 6868
 3612
 5002
 1919
 3417
 5590
 5510
 5496
 1901
 8054
 6803
 4567
 6344
 3756
 5621
 5160
 4904
 4189
 4536
 1396
 9305
 4332
 3992
 4242
 7115
 5750
 5087
 8772
 1207
 4989
 3483
 1238
 8175
 9435
 9138
 1461
 4554
 9267
 7363
 9629
 3952
 5630
 4789
 9383
 2554
 4171
 3769
 8381
 8573
 4302
 7107
 8246
 5196
 6372
 6830
 8403
 8659
 2423
 8719
 3950
 3922
 9775
 3072
 6690
 9767
 7625
 9469
 6696
 4454
 4758
 8913
 1490
 1862
 1583
 5205
 7586
 3912
 4356
 2194
 8032
 6502
 8305
 8154
 4679
 6053
 7361
 5437
 2902
 6291
 8857
 4025
 2299
 8156
 6314
 4820
 8593
 8058
 8030
 3566
 2924
 3693
 9996
 2250
 2842
 2672
 4058
 7812
 5879
 8990
 2646
 1957
 5538
 7158
 5636
 4765
 8087
 9669
 9211
 2318
 1834
 8120
 5920
 7757
 6680
 1060
 4711
 2200
 9207
 9966
 2409
 9622
 3231
 8983
 7597
 1014
 4548
 2674
 3665
 4262
 4195
 2611
 1946
 9838
 6902
 7130
 5010
 8888
 2615
 9621
 2066
 9495
 5697
 4047
 7789
 1286
 8939
 1034
 5024
 6630
 4381
 9178
 2083
 8025
 9592
 2162
 3201
 8708
 1624
 3901
 2767
 4386
 4339
 3102
 4938
 7569
 3938
 7038
 5361
 2345
 7593
 7926
 8967
 9848
 5019
 5294
 1205
 3413
 4219
 2284
 3256
 9517
 6647
 5097
 6097
 8973
 8689
 3109
 1638
 7489
 5315
 2729
 8492
 1930
 5232
 4162
 1167
 3108
 8799
 8872
 6461
 3884
 3742
 2510
 6189
 4815
 1087
 5875
 9043
 2822
 9094
 3630
 2991
 6254
 9950
 6302
 1607
 9625
 3652
 8146
 7669
 4616
 4532
 1438
 3134
 5143
 9534
 6494
 8357
 8432
 6785
 5966
 9697
 9114
 1428
 3176
 5948
 9277
 9671
 3124
 6013
 7706
 6810
 1595
 5781
 4415
 4603
 1798
 8277
 1830
 4966
 6220
 7763
 9318
 4229
 4971
 5242
 7769
 7199
 6252
 4264
 5452
 5530
 7147
 8652
 2234
 2888
 1993
 6244
 5500
 3676
 6243
 3644
 5878
 9852
 3465
 9078
 1072
 1571
 7406
 7053
 9176
 8208
 1766
 6212
 6836
 5676
 9620
 1752
 6326
 2913
 2771
 8216
 1879
 5426
 9801
 9491
 9375
 6687
 8777
 9978
 8995
 1927
 3793
 7560
 6957
 5926
 1947
 7011
 9111
 7155
 2858
 1820
 5700
 5901
 7008
 1854
 1658
 5113
 4040
 2291
 4168
 9586
 3563
 3286
 1785
 8958
 9022
 2717
 8986
 9072
 6610
 7238
 1547
 2320
 9107
 6196
 3633
 5488
 1344
 8769
 5713
 3826
 2321
 3621
 4246
 6078
 9484
 6511
 6922
 1630
 5832
 3430
 6791
 7584
 7275
 2504
 5824
 7304
 7404
 6018
 4671
 5964
 8516
 5033
 2630
 3610
 4192
 4432
 5880
 1629
 4936
 1035
 8641
 6003
 5770
 8584
 2255
 4123
 4017
 2819
 8129
 1489
 3440
 6643
 1099
 1239
 7720
 9795
 8717
 4287
 1954
 2870
 9523
 2856
 1219
 5207
 8382
 1480
 5336
 5587
 8534
 2017
 2572
 6895
 2317
 3645
 1021
 3380
 4920
 3332
 1327
 3183
 6728
 7446
 3508
 5063
 6549
 9835
 7494
 9861
 9553
 8128
 4751
 4587
 2239
 4914
 4738
 8822
 6222
 2841
 7440
 2557
 9798
 4626
 8235
 8463
 9546
 9332
 5656
 5652
 8363
 2090
 8813
 3734
 8352
 9868
 7955
 9825
 6770
 8795
 9422
 7820
 6556
 7067
 6824
 2535
 1064
 5638
 5271
 5535
 5893
 3244
 2533
 3233
 7722
 9105
 9316
 7559
 5611
 7804
 2226
 3716
 5994
 8834
 7924
 5337
 4594
 5307
 4240
 4101
 9152
 5526
 8875
 9280
 5183
 8662
 7418
 7913
 4119
 2417
 6375
 6594
 7183
 2546
 6238
 7995
 1759
 2703
 5218
 1276
 8932
 3113
 5170
 6336
 1736
 2665
 5716
 6396
 1808
 5209
 1381
 1694
 4501
 2651
 6499
 4271
 6428
 5690
 9860
 9259
 8015
 1068
 7520
 6423
 3479
 7558
 3706
 1033
 3384
 6768
 6967
 4604
 3744
 5367
 5768
 1868
 9369
 4183
 5627
 9701
 4372
 5941
 3337
 3695
 5573
 9256
 7133
 3658
 4602
 4757
 1675
 6239
 5374
 3160
 4759
 7311
 8419
 4243
 1773
 5290
 6261
 9044
 5275
 1093
 4143
 8163
 4380
 1990
 6331
 7484
 2847
 8455
 4521
 9774
 6114
 4606
 8863
 8416
 1196
 4091
 2460
 4885
 9675
 5080
 9306
 4677
 9147
 6337
 4968
 3281
 9569
 5256
 8782
 3099
 4761
 9177
 6603
 3520
 7780
 5860
 6307
 5070
 9371
 1567
 9945
 4877
 7936
 8496
 2213
 5757
 4126
 4198
 7728
 1283
 5410
 9210
 2305
 2019
 5303
 8219
 4630
 9127
 1352
 7533
 4038
 3929
 6557
 1402
 3343
 8739
 1247
 3137
 7169
 2220
 3785
 1806
 5959
 7482
 3624
 6966
 9397
 4622
 9661
 8084
 6703
 7557
 4897
 8096
 6953
 4482
 6090
 8488
 7072
 8862
 3390
 6845
 2520
 8247
 1491
 7270
 4427
 5594
 5427
 4031
 3997
 7601
 3752
 3587
 9051
 9231
 7716
 7718
 9711
 4801
 8914
 8071
 2814
 4363
 8513
 3780
 6918
 9994
 7737
 3145
 9472
 5304
 1380
 7046
 6949
 1986
 3076
 2981
 8682
 7766
 6576
 5404
 7693
 4571
 1265
 7869
 3106
 8124
 3669
 3788
 5840
 5291
 1433
 3575
 4046
 9142
 2986
 1576
 4431
 2148
 9710
 1822
 4065
 3364
 8229
 9003
 4303
 9531
 1526
 9734
 6218
 1873
 9496
 2124
 7714
 3855
 6205
 1955
 2221
 8141
 5413
 2217
 3655
 7278
 7204
 6116
 6064
 5736
 6449
 1303
 7765
 6040
 2650
 5991
 8191
 9270
 7078
 9354
 6941
 7437
 5180
 8608
 5449
 2932
 4847
 5914
 2994
 9400
 5910
 2467
 4019
 4967
 4052
 1127
 3269
 9101
 7993
 8407
 3187
 9891
 1378
 3066
 3573
 3174
 8685
 2662
 4265
 7295
 5729
 4267
 2448
 8695
 5272
 4420
 8294
 6163
 1282
 3930
 1836
 1724
 3670
 4397
 9347
 4531
 4214
 1042
 5288
 7633
 4771
 3755
 4720
 4007
 8092
 4081
 4145
 7512
 2034
 9937
 9704
 3311
 6442
 4982
 7393
 2854
 8788
 5390
 7102
 3501
 9557
 8489
 4152
 7348
 6140
 3982
 1488
 1174
 8343
 4305
 9494
 4469
 6130
 7689
 7928
 5886
 9498
 5202
 4463
 2446
 8445
 2636
 4473
 4149
 4835
 3442
 3055
 6590
 5726
 5547
 7825
 8353
 5037
 5432
 5774
 2591
 3212
 7382
 8881
 6516
 9525
 4146
 3408
 2097
 1656
 3054
 7977
 9916
 9744
 4959
 3847
 1762
 8766
 6338
 5388
 5554
 1264
 8145
 3973
 5058
 6744
 9605
 9017
 2922
 4238
 7582
 6094
 8789
 9254
 6767
 2945
 1209
 2009
 7497
 5580
 3713
 3672
 1006
 3856
 9151
 8232
 9602
 5568
 2251
 1835
 3569
 6127
 4057
 9976
 8439
 9040
 4837
 8310
 4078
 7629
 8779
 8531
 4504
 4404
 4284
 6523
 8696
 7395
 6629
 5735
 5908
 9334
 9282
 7086
 7534
 1384
 9132
 3314
 9175
 3435
 6232
 4109
 2497
 5569
 3806
 2869
 4073
 7667
 3577
 3497
 8027
 1004
 6124
 1313
 7902
 3271
 2787
 7947
 9412
 8611
 3064
 9088
 2334
 9893
 7655
 3505
 1895
 5598
 6807
 9799
 8388
 6463
 5749
 6272
 6718
 6725
 2519
 1845
 4880
 2845
 4312
 1228
 7186
 5887
 7612
 9169
 7500
 5091
 8105
 3800
 9581
 9556
 3860
 6865
 8019
 8034
 5647
 4020
 1329
 4975
 4629
 2732
 3088
 9245
 5950
 2053
 3719
 6401
 3162
 1534
 1905
 9420
 3115
 2282
 9050
 1483
 4293
 9000
 1493
 7545
 2064
 4712
 6520
 5018
 7507
 1914
 3689
 6582
 9582
 2438
 7867
 3924
 9140
 9126
 6678
 2044
 7883
 2246
 5045
 3728
 3036
 3273
 5089
 4483
 8984
 2389
 2485
 6255
 4676
 1348
 7068
 6766
 5191
 5904
 9190
 3094
 3130
 8257
 8549
 8292
 7561
 1932
 4705
 7504
 4072
 1155
 1915
 6934
 5079
 3532
 5922
 7660
 7123
 7064
 9426
 5049
 4396
 4694
 1593
 9815
 7630
 4105
 2202
 5269
 5661
 4977
 1013
 5801
 7276
 6720
 3554
 5753
 3599
 4343
 6080
 7603
 3537
 3361
 8243
 9952
 1289
 4706
 2382
 8373
 6438
 4294
 5699
 5145
 8742
 2386
 8570
 3799
 1368
 9192
 4173
 3568
 7574
 9598
 8252
 9670
 9802
 4607
 5609
 8509
 8668
 2290
 5968
 1300
 1388
 5907
 4249
 7538
 7390
 4621
 5625
 6774
 6096
 7449
 3294
 8361
 6227
 8656
 5986
 6146
 5719
 7316
 9392
 8287
 1763
 8942
 6772
 8623
 5323
 1191
 2248
 8959
 2048
 8709
 3412
 8868
 2782
 5299
 4831
 8078
 2569
 3560
 4479
 4045
 3888
 6192
 1887
 4450
 9862
 4429
 3312
 1066
 5254
 9783
 2746
 3291
 2555
 3153
 6853
 5474
 2157
 3069
 1976
 5710
 4223
 6263
 6285
 8081
 3155
 2027
 9869
 7173
 5985
 6735
 5974
 7513
 4042
 1960
 1540
 7905
 8080
 4836
 1120
 3865
 7164
 2587
 7371
 6178
 8818
 8329
 8561
 6870
 2802
 7523
 4653
 8115
 5443
 1025
 1890
 9684
 8345
 3528
 2706
 1524
 7527
 1906
 4366
 5802
 6906
 4498
 5270
 1523
 5219
 9988
 5673
 4669
 4374
 6739
 5489
 1436
 6994
 7435
 3333
 7616
 8070
 7907
 8226
 3775
 2057
 5826
 2474
 8263
 9515
 5282
 6835
 2264
 3027
 6228
 1272
 4111
 6759
 5742
 9325
 4849
 6060
 3067
 4797
 5987
 9647
 2978
 9899
 5165
 6615
 1296
 9619
 8976
 5146
 3013
 1302
 4674
 7282
 9336
 1996
 6444
 2862
 1336
 5255
 8213
 6862
 5960
 9164
 1328
 4708
 3750
 3919
 2010
 6617
 5201
 6373
 5752
 2686
 7280
 9100
 2679
 1312
 6145
 8160
 9291
 3650
 5602
 1149
 2595
 9888
 2391
 9322
 8703
 9832
 1824
 1476
 3365
 3480
 9219
 1677
 4724
 2881
 3663
 5852
 1877
 9677
 2612
 3534
 1852
 4436
 6174
 7324
 3993
 7677
 4449
 1570
 4953
 8925
 2609
 7529
 2859
 9007
 8421
 8272
 5391
 3937
 8730
 5799
 9035
 1814
 6416
 9633
 6589
 9250
 9032
 3598
 9604
 2463
 5179
 2227
 2225
 2784
 9918
 9186
 1550
 8568
 6849
 1379
 9516
 3858
 8746
 8869
 1317
 6318
 7800
 8680
 1187
 1949
 2685
 7051
 5727
 3917
 5804
 2670
 7615
 1463
 2453
 9566
 4867
 8341
 2362
 9923
 7166
 6817
 1728
 6199
 4295
 9765
 2654
 5102
 9146
 1664
 7430
 2894
 2722
 8586
 4083
 7654
 5775
 3802
 6111
 7858
 4935
 1078
 7682
 3905
 8367
 5210
 2395
 9873
 7319
 1390
 4331
 1904
 4644
 2032
 6567
 4825
 8386
 3543
 3940
 4139
 8200
 5620
 8316
 8677
 8134
 2271
 7033
 4392
 6136
 5429
 1464
 2021
 2323
 3071
 5318
 8325
 9618
 3471
 9015
 8773
 8400
 8457
 7814
 7320
 8239
 8012
 3916
 4071
 1389
 7442
 6531
 4749
 3867
 2547
 3328
 1124
 6914
 1277
 4541
 1454
 3787
 6871
 6746
 7966
 5278
 8926
 1010
 2145
 5963
 3714
 4132
 6651
 9486
 5325
 6106
 3936
 7701
 6265
 5565
 6171
 3422
 5693
 7828
 8787
 2549
 5835
 4528
 7127
 5267
 1337
 5109
 7953
 7761
 1938
 8624
 8454
 3285
 9069
 4076
 5098
 7893
 6706
 7709
 5230
 8574
 5007
 5036
 4713
 9928
 4976
 9530
 5622
 4780
 6482
 9721
 6259
 1573
 9197
 7796
 4176
 2810
 2152
 1318
 8761
 8894
 8295
 4122
 3396
 6056
 9528
 3016
 6530
 5148
 9353
 1747
 3051
 2559
 3354
 6533
 3425
 4917
 2294
 3028
 4049
 3206
 9339
 2951
 3873
 5812
 2458
 2303
 9839
 9488
 7680
 2193
 4354
 6607
 1968
 9436
 4562
 5321
 6950
 5450
 5935
 7623
 5906
 9427
 6231
 1945
 5882
 1502
 3443
 1982
 5725
 8324
 1618
 9475
 4209
 5073
 3214
 4946
 9095
 7627
 9794
 5178
 3640
 9039
 6627
 5776
 6489
 1730
 5086
 2022
 6084
 5355
 2160
 7617
 8122
 1791
 1604
 5525
 4413
 4956
 4773
 1912
 5065
 2473
 1655
 9500
 9454
 7376
 4555
 6793
 7042
 7203
 2598
 7985
 2675
 2089
 3725
 7255
 1479
 5054
 5266
 9295
 3751
 6809
 4812
 8577
 7997
 1330
 8405
 3474
 4524
 3786
 3977
 4085
 7917
 4919
 4792
 8548
 4934
 7696
 8732
 9846
 5430
 7472
 1353
 3374
 2472
 5938
 4583
 2580
 3915
 1032
 9122
 3263
 7253
 4830
 3836
 2509
 5152
 5493
 3046
 8512
 2285
 7214
 7798
 7564
 6353
 4175
 2188
 8006
 2287
 8258
 8444
 1133
 9700
 9695
 9650
 4000
 4635
 4860
 9388
 7433
 2896
 3081
 1555
 7410
 3482
 6117
 9492
 4054
 5918
 6439
 9956
 4203
 8614
 3240
 4963
 7531
 9715
 5670
 7266
 5999
 3979
 7827
 6246
 5094
 4542
 1059
 2074
 7006
 4527
 3418
 7944
 5236
 7487
 7146
 4662
 2033
 2950
 6679
 1563
 6976
 3466
 9058
 8230
 4438
 9030
 8440
 1089
 2727
 3104
 1170
 5546
 2733
 6911
 9248
 2776
 8283
 7925
 5061
 6497
 4678
 8502
 9613
 4619
 4285
 9746
 5038
 6198
 5435
 8758
 7185
 6414
 9355
 6160
 3998
 8603
 6490
 8318
 1964
 2029
 5943
 4357
 4520
 3458
 7082
 9311
 3567
 9062
 6650
 4610
 3989
 4754
 1569
 9171
 7340
 3753
 6362
 8801
 1430
 8923
 8514
 9804
 9252
 1685
 3195
 1800
 6315
 9284
 5406
 3585
 6935
 1397
 2811
 6697
 6258
 9478
 2125
 2999
 1129
 3535
 1222
 6784
 2537
 8338
 2015
 4383
 7580
 7104
 1782
 6640
 1606
 9390
 1391
 2311
 7260
 2927
 1135
 1234
 2365
 4709
 1815
 4317
 9037
 4013
 3777
 7095
 7856
 8951
 5329
 9693
 4686
 1789
 3911
 4726
 2489
 3225
 7036
 4663
 4460
 5744
 1889
 1371
 9857
 1709
 9877
 6350
 4452
 8170
 4970
 1356
 1516
 1097
 9428
 3886
 9921
 2059
 3100
 2468
 9019
 9296
 6555
 3331
 5194
 6993
 1985
 6908
 1321
 5758
 4043
 5828
 9555
 3191
 8770
 8998
 8729
 2165
 4121
 6256
 8260
 1653
 6570
 3152
 9686
 9136
 7391
 7898
 1799
 8759
 8797
 3008
 1417
 8578
 1459
 3042
 5327
 7386
 6009
 6286
 3185
 8635
 9084
 1046
 4543
 9811
 5399
 5773
 5951
 7550
 1070
 5877
 2243
 8180
 7392
 7007
 9457
 1346
 1810
 6230
 3664
 3453
 5921
 6186
 8119
 6551
 6729
 2106
 9483
 1925
 3216
 7562
 9048
 5475
 8968
 6089
 1179
 1640
 4952
 7790
 2240
 9434
 2982
 5556
 2768
 5717
 4378
 3667
 7801
 4208
 2203
 7490
 1613
 9681
 8597
 3833
 3674
 5847
 4798
 5836
 3507
 8234
 1596
 2138
 8427
 1041
 7888
 1805
 4472
 7388
 7150
 5677
 3584
 1324
 6813
 6972
 4286
 1705
 1339
 4518
 4491
 8037
 2043
 1872
 2259
 1478
 4767
 2758
 7427
 4003
 4414
 9474
 2701
 7021
 2826
 1991
 4480
 2970
 3892
 7611
 8046
 2414
 4615
 2084
 7764
 9665
 8484
 5407
 8483
 4117
 2831
 5745
 5534
 5153
 5512
 3319
 9754
 1867
 6283
 6370
 1591
 6274
 6834
 5105
 5531
 8085
 6782
 8334
 6176
 9529
 9863
 4948
 6335
 4453
 5815
 7548
 1171
 3871
 5971
 4086
 8223
 2310
 7190
 8693
 3544
 5402
 1024
 4299
 3249
 5478
 6929
 1236
 8870
 6172
 1204
 8807
 4347
 7027
 3449
 2673
 4297
 3762
 6165
 4443
 5928
 3738
 1892
 2204
 1881
 8103
 4488
 9033
 4048
 9326
 6561
 2808
 9610
 4442
 5519
 7137
 5632
 5305
 2003
 6526
 9124
 3478
 9096
 4274
 2534
 9962
 7503
 6403
 2944
 8302
 2644
 5120
 6268
 5333
 3978
 1886
 5268
 9726
 5721
 1016
 9849
 6942
 9157
 8836
 5603
 8099
 7149
 4750
 6083
 1331
 7310
 6995
 7309
 1849
 6361
 2942
 4513
 1101
 5505
 6804
 9410
 6260
 8242
 9118
 7372
 6944
 3820
 2424
 6644
 2893
 5596
 8098
 8687
 6560
 1320
 3957
 6577
 1487
 5654
 9421
 7600
 5231
 2429
 5809
 8487
 8964
 9057
 3835
 2900
 2306
 1539
 3533
 5289
 8462
 3746
 5739
 4887
 8456
 1090
 7632
 6701
 3545
 1659
 1243
 2821
 5896
 2407
 9543
 1896
 4862
 8605
 9919
 6821
 7949
 5416
 3795
 2740
 9998
 1177
 2096
 8954
 7182
 3167
 4021
 1410
 2610
 9728
 1058
 9648
 3257
 3987
 1223
 2649
 8383
 3236
 5958
 9344
 2065
 5369
 3003
 6704
 1818
 8304
 8535
 7572
 5439
 3877
 8093
 4400
 7986
 9890
 2195
 5993
 2952
 8013
 6454
 3614
 6854
 5085
 8637
 1649
 6699
 5322
 7767
 9148
 6677
 8775
 8354
 2788
 5169
 7022
 7045
 6825
 4888
 6605
 5176
 2801
 1452
 9590
 3764
 4957
 8562
 9561
 5571
 5533
 6125
 6975
 4458
 4496
 6215
 1189
 4206
 9480
 6600
 7536
 8269
 8876
 5502
 4486
 1636
 9692
 3445
 4961
 8147
 8473
 3524
 6546
 5898
 3984
 1422
 4095
 2989
 6209
 3804
 9011
 6496
 5095
 4266
 9012
 5738
 3290
 1419
 8376
 6303
 4247
 3087
10000
 4745
 5117
 3336
 7124
 9134
 7717
 7639
 4405
 4646
 1876
 1614
 7542
 4026
 3686
 6487
 2965
 2219
 3011
 4387
 3287
 4574
 5660
 8327
 7738
 9771
 3542
 9158
 7824
 7221
 6153
 8172
 6181
 6241
 9239
 4361
 7838
 5217
 3696
 3907
 3991
 7552
 3828
 6860
 9964
 5685
 8183
 9008
 7540
 9874
 3727
 8827
 6740
 8328
 7436
 2711
 8649
 1188
 1498
 2218
 8431
 5067
 8389
 5616
 1622
 7050
 1880
 1145
 5895
 7620
 8944
 1270
 1083
 1510
 8846
 5223
 3327
 5241
 7922
 9876
 3026
 1439
 8657
 2800
 2419
 4260
 4130
 8374
 3472
 7148
 4289
 9518
 8916
 9776
 1783
 1813
 7031
 5981
 3743
 5417
 4124
 7776
 3947
 3190
 8991
 5588
 4698
 5032
 7556
 3306
 3866
 3609
 2402
 3518
 1804
 2677
 7770
 5057
 7723
 7466
 7733
 5481
 6534
 7302
 5365
 2968
 3310
 1538
 4131
 6134
 9423
 7642
 4490
 8241
 1726
 4344
 7177
 5720
 4465
 5274
 6242
 5118
 8425
 1628
 1363
 3697
 3407
 3047
 5366
 9319
 5925
 6201
 5976
 3484
 4910
 6553
 1667
 7417
 4011
 6620
 3237
 5409
 3295
 7965
 3773
 9690
 5140
 9596
 5772
 5286
 7505
 1182
 2280
 9667
 2207
 8880
 8189
 6613
 7257
 3503
 7447
 8197
 6963
 2477
 4251
 1017
 8404
 3891
 4871
 6251
 8994
 1764
 3646
 2147
 9125
 7294
 7089
 6334
 3586
 9464
 3342
 6293
 4929
 2714
 7496
 7979
 6495
 8699
 1116
 3304
 5083
 2384
 6066
 2209
 5819
 4865
 5184
 8700
 3083
 9716
 5150
 6055
 7598
 2469
 8762
 6692
 7495
 9401
 4931
 9476
 9489
 7474
 8752
 7912
 5980
 2494
 2664
 2656
 6374
 8856
 5837
 9053
 1230
 2249
 1772
 9055
 6290
 6900
 8394
 4974
 1738
 3601
 2286
 5850
 4228
 7990
 2270
 5827
 2410
 2803
 8590
 7730
 1515
 6402
 1679
 4346
 2933
 1279
 4903
 7491
 3229
 4570
 9992
 6226
 2567
 3519
 4915
 5393
 1809
 2036
 4817
 5326
 5613
 3189
 1770
 4134
 1697
 4657
 5420
 7911
 3344
 8083
 4600
 4545
 6757
 3914
 6657
 7049
 2719
 4514
 4864
 8873
 5558
 3268
 4477
 2586
 3154
 7923
 8858
 6322
 5164
 7120
 2957
 6872
 4816
 8157
 6465
 5949
 5537
 7664
 9083
 4576
 5485
 4945
 9550
 4727
 6354
 9351
 6200
 3015
 3157
 1565
 2723
 2993
 5808
 9405
 5419
 9787
 9002
 4530
 7676
 3127
 3038
 8231
 1421
 8371
 1634
 7724
 4207
 1250
 5311
 9659
 5759
 7106
 4103
 1098
 7438
 4719
 1360
 4883
 6719
 2794
 1933
 6099
 3142
 6669
 3017
 7935
 1477
 1340
 5784
 1551
 4764
 7112
 2495
 7872
 7525
 2338
 9707
 6971
 2072
 4036
 4994
 9268
 4059
 2676
 7903
 5017
 9172
 9309
 9609
 9733
 6282
 1853
 3283
 5354
 6806
 8582
 5884
 2325
 6899
 7477
 4245
 2790
 3499
 9808
 8690
 7760
 5640
 6180
 1826
 2702
 6120
 9242
 2772
 2000
 5213
 8617
 3894
 2241
 2946
 2436
 2663
 5998
 2525
 2775
 1941
 5351
 5359
 7293
 9573
 2634
 2909
 8794
 7074
 3960
 1440
 8254
 3592
 9439
 9536
 5487
 4962
 9843
 9370
 4891
 7043
 1184
 8073
 8832
 4906
 2428
 1395
 1225
 7831
 5701
 3737
 7751
 4861
 3218
 1418
 6357
 2829
 9442
 3622
 5442
 3169
 7004
 1293
 9261
 9603
 2759
 3039
 3341
 9077
 2242
 8847
 7713
 9761
 7470
 9812
 6504
 9087
 8613
 5497
 8393
 6309
 5581
 6769
 9834
 6667
 5629
 2378
 8107
 9473
 2964
 5353
 5342
 1965
 5646
 1062
 8528
 4222
 3699
 7461
 1661
 9926
 6909
 7772
 9441
 5969
 4508
 4821
 3220
 5838
 1530
 3122
 2691
 3735
 7604
 1012
 4881
 2426
 6521
 1902
 8379
 8604
 3468
 1414
 2109
 4167
 9212
 9552
 8192
 4096
 1568
 2266
 4155
 9991
 5116
 7181
 1500
 5050
 8819
 6300
 2827
 9082
 7862
 2292
 6087
 1980
 7331
 9971
 8203
 7366
 1173
 7508
 3093
 5894
 6829
 9872
 9924
 2229
 1637
 5540
 9286
 2046
 4507
 7153
 5855
 4810
 8552
 6606
 1832
 7441
 8504
 1077
 2267
 8676
 5668
 4762
 2588
 6559
 4510
 7323
 1978
 1305
 9672
 4858
 9362
 9501
 2104
 4608
 3863
 2487
 7981
 9179
 9206
 6661
 7230
 2516
 6067
 1298
 7125
 6035
 2398
 8042
 1690
 1609
 3970
 6758
 9266
 5234
 3946
 8701
 8931
 9585
 5769
 5078
 2026
 2699
 4153
 9814
 8266
 3217
 5103
 4553
 8841
 9229
 6945
 9001
 2589
 6721
 4912
 8041
 9004
 3923
 7097
 4218
 7428
 6926
 5082
 6054
 4618
 3690
 7188
 7989
 1888
 3876
 2340
 8540
 7651
 1975
 9300
 4329
 6898
 2327
 2401
 7110
 9653
 1977
 2668
 9870
 3636
 5403
 7518
 1696
 8038
 9969
 5892
 4696
 4142
 7890
 9740
 5060
 7413
 9333
 8718
 8620
 4185
 5468
 8996
 6665
 5228
 2388
 4668
 4578
 9288
 6245
 5309
 6468
 8491
 2212
 7719
 5423
 2762
 9198
 8501
 9356
 4859
 8602
 6435
 8751
 9535
 3246
 7420
 4533
 2503
 5501
 2274
 1700
 8744
 8370
 2898
 2565
 8349
 2020
 4878
 3021
 3781
 6076
 9689
 6339
 7040
 7475
 9871
 9778
 8985
 2585
 9736
 7379
 9451
 4391
 4061
 4838
 6046
 8664
 7712
 9432
 6051
 1455
 6081
 3317
 8168
 9878
 8683
 2891
 5511
 7684
 2731
 2427
 1714
 8802
 6710
 7919
 2884
 8018
 9052
 7483
 8594
 1111
 5778
 6110
 5144
 4489
 3133
 7665
 8236
 8406
 8011
 9323
 6894
 3393
 4023
 5142
 2581
 9745
 6800
 4748
 4551
 3002
 1375
 7892
 6517
 7163
 3205
 4783
 1681
 4461
 9601
 8472
 3309
 4693
 6826
 5252
 3679
 2718
 4568
 1069
 3613
 1992
 4221
 2418
 3084
 4991
 9112
 7065
 8518
 2289
 7710
 4050
 1134
 4418
 6122
 6287
 4992
 8903
 2360
 2196
 4001
 9377
 7994
 3000
 5483
 8864
 7013
 4924
 2563
 7377
 3431
 9588
 4169
 8844
 5550
 8074
 8809
 8449
 3779
 7528
 4580
 5022
 1774
 6764
 9752
 5453
 9527
 1226
 3968
 8391
 3852
 2465
 4539
 2867
 9228
 5529
 4987
 2484
 8757
 2906
 1586
 4318
 4187
 2450
 3541
 2955
 4540
 1966
 5634
 9196
 1220
 3382
 2451
 5844
 9960
 1392
 2309
 3893
 4834
 1760
 6107
 7397
 1432
 6519
 3048
 9905
 8430
 4955
 6371
 9554
 6301
 4585
 9047
 5788
 2038
 4445
 8825
 3439
 3165
 9063
 3546
 4063
 8293
 4775
 1043
 9727
 5977
 5470
 4291
 8385
 2211
 1737
 8639
 5392
 9029
 7932
 6347
 6787
 6155
 7570
 3549
 2476
 4664
 7478
 5903
 3250
 9713
 9623
 1719
 7886
 9587
 9533
 7355
 1382
 7498
 4660
 7945
 6753
 2901
 4394
 5584
 2820
 4772
 3056
 7017
 1754
 8359
 3492
 6415
 9567
 1811
 5829
 6608
 4320
 2707
 6063
 6005
 5456
 1882
 5247
 8161
 2769
 1165
 6065
 8453
 9985
 8805
 6280
 3077
 6313
 2561
 6910
 7847
 7465
 9759
 8860
 5028
 5807
 3758
 2779
 3338
 4310
 3297
 2298
 8411
 3597
 1663
 8255
 6850
 8459
 9703
 4433
 2500
 1875
 2313
 5864
 9274
 2720
 7443
 8306
 5043
 7501
 2357
 5069
 3186
 5747
 9737
 5348
 7859
 6856
 9575
 3322
 1420
 7607
 8237
 6024
 9806
 1910
 2917
 2921
 8784
 3870
 8209
 6253
 4550
 5190
 5506
 3811
 7200
 4110
 7429
 2052
 6575
 8542
 6072
 6874
 5872
 5663
 9981
 3146
 5733
 8136
 2082
 9914
 5245
 1400
 6508
 6724
 3803
 6666
 1802
 8465
 1040
 6786
 3177
 6057
 7411
 5873
 5734
 2471
 9558
 2252
 4468
 7463
 9544
 3232
 6985
 8106
 5047
 3600
 9104
 4257
 3514
 4969
 8171
 5013
 5310
 8000
 4107
 4481
 6505
 1029
 7937
 5545
 9393
 5099
 3178
 6705
 2936
 1088
 5597
 2648
 5548
 9624
 5107
 3112
 1682
 8704
 2115
 8450
 6123
 8905
 9445
 7727
 1104
 6041
 8658
 5665
 8607
 9090
 5262
 2977
 5601
 1548
 9995
 8865
 6119
 9253
 9606
 1771
 5375
 5240
 9462
 6616
 7735
 2058
 4301
 1797
 1416
 1253
 8281
 5822
 2158
 5810
 2529
 8148
 9128
 8111
 7300
 5888
 4069
 6571
 8781
 3590
 9139
 6321
 7357
 6698
 7175
 8238
 2873
 7563
 7837
 4823
 8529
 1118
 7144
 3085
 2507
 8114
 5261
 7509
 5704
 3807
 1578
 9379
 2638
 2522
 3459
 5662
 2201
 2199
 7950
 6493
 7510
 6904
 9680
 9885
 5996
 3951
 9143
 2531
 5885
 3965
 5765
 7645
 7535
 7834
 2263
 8638
 3840
 7555
 4070
 2108
 5124
 3349
 6913
 8116
 9145
 2007
 9406
 8008
 6883
 4010
 6197
 4278
 8369
 8928
 7628
 5222
 3135
 8589
 4403
 6585
 6642
 7129
 8997
 1248
 2120
 2558
 7736
 1871
 2616
 4517
 9131
 8630
 5319
 8494
 6418
 7863
 7897
 4018
 1961
 9997
 1744
 2304
 3405
 4191
 2578
 1038
 8033
 3204
 2230
 7367
 8346
 4022
 6351
 4158
 9189
 3415
 5340
 2387
 4417
 8774
 4272
 6269
 6780
 6048
 7618
 1541
 1913
 6554
 5263
 5909
 1285
 4641
 1924
 9688
 9935
 8697
 9660
 4807
 6047
 7306
 4384
 6979
 6288
 1233
 8060
 7121
 3829
 6223
 1150
 8798
 9867
 8448
 4277
 7071
 5003
 5567
 2178
 4423
 4033
 8891
 6052
 5797
 5486
 1756
 6621
 9959
 8377
 4852
 8628
 2099
 3128
 1242
 6329
 4388
 3941
 1686
 2923
 2716
 8150
 9673
 1326
 7352
 3818
 6121
 8533
 8029
 7589
 3456
 5233
 9185
 3213
 2425
 4437
 5284
 5297
 4164
 5444
 8378
 3729
 8767
 2005
 7860
 6431
 3359
 7916
 1361
 9283
 8307
 1190
 6257
 6619
 6427
 8452
 4359
 6109
 7222
 8745
 1600
 3075
 7239
 5755
 7516
 6022
 2807
 3709
 6248
 6472
 5031
 8228
 7671
 1335
 1710
 8392
 8280
 3700
 6524
 2916
 6182
 3724
 8791
 6776
 1870
 3209
 9086
 8726
 6105
 1909
 7969
 7174
 6987
 7250
 2590
 8654
 4722
 6788
 6528
 2014
 8547
 2669
 3981
 4296
 4133
 8365
 1958
 8559
 1615
 7296
 1172
 4855
 1084
 1844
 6748
 3307
 7416
 9092
 7375
 4428
 1429
 5408
 1581
 7103
 1180
 6025
 1587
 2880
 4665
 4515
 5088
 1315
 3593
 7982
 6579
 1582
 6990
 7739
 2367
 8196
 7052
 3330
 3447
 8299
 8253
 6921
 1758
 6175
 9735
 1816
 2879
 2995
 1266
 5897
 1415
 8202
 8640
 3857
 5643
 1775
 9328
 6368
 7750
 9224
 6279
 8072
 1801
 7387
 1214
 6038
 9791
 7314
 4572
 4503
 2613
 1399
 7462
 2543
 4300
 2336
 2293
 2184
 7648
 1503
 5396
 3572
 3070
 3763
 3682
 4577
 2882
 4925
 6955
 3334
 2047
 6715
 3262
 6682
 6841
 4796
 8014
 7795
 7019
 5940
 8618
 7241
 2326
 7521
 4866
 3883
 1075
 7356
 3966
 5345
 7621
 5476
 1753
 7657
 6777
 6866
 6224
 1092
 2456
 5552
 3346
 6611
 6311
 9817
 3429
 6984
 5362
 6342
 7197
 8330
 4352
 2530
 5681
 9163
 7822
 6858
 3208
 5130
 1535
 1807
 6689
 6079
 7777
 3278
 7914
 8815
 7431
 4993
 5743
 1831
 9467
 1676
 2061
 8867
 9384
 1635
 2045
 5411
 3680
 6208
 6799
 7000
 5011
 5623
 8437
 9902
 6292
 4399
 1307
 1224
 6573
 7178
 2464
 5220
 3913
 6750
 3808
 8720
 6547
 8887
 6639
 5504
 6522
 3796
 6019
 1847
 6411
 4636
 4351
 9866
 6148
 5328
 2349
 9911
 2618
 9247
 9373
 7638
 1246
 8796
 1971
 3748
 1580
 5574
 8089
 2583
 4075
 2878
 5527
 3850
 9216
 3715
 6792
 2540
 6479
 8554
 8076
 7229
 9408
 6670
 6512
 4241
 7374
 9080
 6216
 2434
 2911
 3825
 2141
 4951
 3522
 7453
 8665
 5135
 1795
 6408
 6277
 9222
 7032
 7206
 8929
 9195
 8149
 4684
 4128
 1031
 6348
 2482
 6659
 7469
 9768
 9957
 1183
 6462
 4138
 7234
 1777
 2155
 3887
 3485
 2526
 2297
 7460
 5600
 1050
 6916
 2181
 6917
 9430
 2210
 1865
 8672
 9679
 8893
 6954
 3194
 7273
 3451
 2374
 4393
 5689
 3547
 6691
 5051
 2889
 1554
 6500
 9154
 7672
 3707
 2836
 2126
 6742
 7213
 4890
 3404
 5014
 3006
 5074
 7152
 2175
 4627
 5684
 9880
 1937
 9803
 4894
 3326
 5495
 2749
 1572
 8734
 8567
 7830
 6663
 9407
 1071
 4549
 7063
 7532
 1839
 3515
 7813
 4566
 2333
 3147
 3151
 2753
 2111
 8896
 7193
 7910
 8753
 6683
 9627
 1460
 5077
 7626
 5363
 3539
 3005
 6888
 6103
 1727
 6473
 4177
 8317
 9443
 9223
 9584
 9597
 1427
 5317
 9102
 5751
 2329
 4055
 8169
 1833
 6162
 2751
 7412
 6491
 2633
 5645
 3861
 4248
 7171
 7845
 3059
 2908
 2223
 9545
 4916
 2830
 2828
 2868
 8941
 9763
 2817
 9548
 8187
 7624
 9153
 8671
 5857
 7076
 5559
 8899
 2625
 7195
 4170
 2866
 7698
 1030
 9636
 8924
 3771
 3403
 5330
 9908
 9564
 6588
 8278
 2855
 6139
 8626
 8655
 8475
 8884
 8131
 9204
 6086
 4675
 2967
 7077
 1768
 4053
 9626
 8768
 3862
 5490
 7805
 2265
 4316
 9202
 1505
 2332
 3694
 4695
 9490
 5792
 9896
 6695
 3632
 2430
 7876
 6641
 1684
 9882
 1044
 3303
 8532
 4535
 2004
 2322
 6815
 8139
 1680
 1385
 9731
 2804
 1883
 4561
 7865
 7704
 4984
 8067
 2789
 4868
 5579
 9241
 8443
 6507
 9760
 7794
 1137
 5813
 8738
 3570
 5397
 1884
 6648
 2396
 1435
 1746
 9221
 1859
 2969
 9725
 4217
 4730
 5264
 9091
 9036
 2371
 9955
 8155
 8314
 7541
 4375
 5633
 7662
 8545
 9479
 2948
 7697
 6070
 7201
 1063
 5528
 3504
 2659
 3463
 8297
 2079
 2163
 1197
 2979
 3362
 9321
 8207
 2560
 4714
 7118
 1114
 4197
 4141
 7868
 3766
 9110
 3638
 1157
 8539
 2990
 7753
 6693
 4595
 7573
 3641
 2364
 5096
 3103
 7481
 3616
 2269
 1513
 5741
 2747
 3814
 7402
 8651
 2113
 7895
 1519
 9440
 3999
 5151
 1299
 4379
 2818
 6801
 3259
 4349
 2114
 5763
 3470
 8274
 4656
 6842
 8362
 1633
 9973
 3757
 5265
 5349
 8686
 9750
 7114
 1894
 9897
 9607
 8164
 2542
 5433
 3747
 2054
 9018
 2850
 6636
 4715
 4590
 8833
 3355
 6951
 8190
 5463
 8028
 8526
 5071
 3020
 8679
 4735
 8335
 4470
 9413
 8031
 9262
 6503
 8982
 5730
 2247
 1788
 9649
 8282
 9310
 9246
 2353
 6225
 2760
 3921
 6877
 8466
 3525
 5459
 2307
 3889
 1178
 7116
 6876
 7485
 8523
 1232
 9666
 6075
 6891
 6349
 8368
 7731
 8185
 5562
 7539
 2186
 3772
 7725
 6992
 7318
 7091
 1448
 5126
 7336
 3559
 1698
 4908
 1678
 4376
 1528
 4174
 8468
 2208
 4537
 5421
 3976
 6881
 2623
 6383
 5006
 9788
 6015
 9264
 6592
 4506
 1057
 5025
 8350
 3927
 5803
 1704
 4236
 2168
 2133
 1605
 5667
 9025
 3111
 8820
 2918
 2688
 5707
 4408
 2843
 7699
 6811
 2151
 6506
 1861
 6861
 3383
 6566
 5607
 7101
 9589
 3619
 2941
 1365
 3241
 1314
 8890
 4338
 3506
 5869
 3579
 9614
 1341
 4041
 7962
 6587
 4325
 9307
 2462
 1701
 2377
 8040
 4538
 7841
 5277
 2455
 8347
 2381
 2331
 7695
 9537
 8712
 4692
 6962
 6061
 6112
 1322
 1741
 8919
 5669
 5258
 7184
 4411
 8233
 6441
 1162
 3044
 7967
 7991
 3872
 8021
 7081
 2956
 7976
 6998
 7939
 7396
 7338
 9827
 5066
 6498
 6310
 9193
 5866
 9656
 7605
 6142
 6211
 8882
 1295
 6832
 9560
 1711
 4979
 6831
 8599
 5273
 7646
 6631
 8949
 9380
 1143
 4937
 2055
 2690
 3238
 3910
 5062
 9963
 4763
 8826
 8952
 1445
 4734
 3620
 3062
 6797
 2154
 2617
 4201
 1517
 7846
 9594
 8934
 6445
 6707
 5666
 7515
 3994
 4459
 9350
 9477
 8039
 8920
 1610
 7946
 9471
 1273
 5101
 1019
 7468
 4451
 8332
 2283
 1974
 1373
 6857
 7434
 1061
 6410
 3797
 4125
 1475
 4716
 5917
 1109
 7934
 9831
 7809
 1943
 2273
 6599
 6034
 3223
 9805
 3267
 7871
 1164
 6765
 3352
 2182
 3096
 1047
 7358
 7817
 6537
 1482
 2435
 3953
 4597
 1577
 1218
 3639
 9331
 3486
 5000
 8077
 2129
 1052
 3964
 9652
 2887
 6597
 3920
 8806
 2743
 4605
 3023
 7141
 2601
 3024
 6509
 8843
 3438
 5614
 6982
 7576
 9324
 1139
 9617
 7479
 5678
 7783
 3406
 9230
 5718
 7162
 4804
 9013
 7688
 5513
 1022
 7277
 5035
 8152
 1765
 5482
 1590
 9858
 3203
 3004
 8336
 8645
 4261
 7035
 5992
 3031
 3068
 1920
 4410
 6839
 4647
 9756
 8980
 6466
 5698
 5705
 5798
 8576
 8348
 6237
 3628
 1372
 8478
 5249
 6879
 3125
 3983
 2806
 9414
 3193
 2953
 5509
 5978
 1112
 1792
 7458
 4150
 6425
 5818
 1471
 3014
 1152
 6483
 3948
 1240
 3461
 7138
 8646
 3397
 6562
 2890
 7350
 7668
 5175
 9685
 5056
 5861
 7811
 5691
 4995
 9359
 1669
 1561
 9302
 8100
 5576
 8088
 5434
 7252
 9006
 7030
 4874
 7037
 4493
 3618
 2088
 9970
 8312
 8358
 8265
 6684
 8320
 2577
 9404
 2574
 2754
 2394
 6131
 3475
 1755
 3368
 4478
 4732
 2712
 7202
 9200
 6535
 9279
 2626
 3493
 5551
 3949
 4856
 7381
 6886
 2319
 6324
 3722
 7145
 2176
 7432
 2545
 8849
 6946
 3517
 1657
 6771
 3235
 7899
 3450
 6319
 4104
 9020
 3426
 3817
 2094
 9542
 4326
 1731
 2134
 5314
 6947
 7904
 2780
 6584
 9481
 9628
 1123
 4947
 4204
 9209
 9417
 1761
 5158
 2696
 4186
 8650
 1085
 1113
 9304
 1787
 3675
 6956
 4905
 1749
 6601
 3272
 3215
 5905
 6036
 6304
 7585
 4323
 4547
 9712
 4263
 2849
 5422
 2006
 4056
 8010
 8889
 3617
 7583
 3476
 8673
 6711
 1280
 7191
 3009
 8814
 6558
 4259
 4827
 5214
 7080
 8764
 6960
 8519
 3980
 7258
 4178
 2671
 9099
 4159
 7631
 5570
 9983
 3019
 1413
 4740
 7409
 4024
 3931
 2344
 1249
 7421
 6404
 9785
 9381
 7715
 4857
 1153
 2130
 2721
 9299
 8413
 2904
 3902
 1973
 5589
 4637
 8227
 7652
 2715
 1584
 4790
 7244
 7131
 9898
 4321
 8480
 1096
 1049
 4336
 8823
 7851
 6320
 8852
 8052
 7968
 2770
 8760
 5833
 9889
 1208
 1916
 2483
 1922
 6424
 3409
 2222
 4253
 6656
 1215
 6406
 6532
 9532
 8765
 3356
 2431
 2067
 4673
 5394
 8126
 2447
 5936
 8268
 9394
 3637
 7511
 9208
 7948
 9579
 1522
 9786
 9720
 7887
 5515
 3502
 4842
 9346
 4311
 7219
 3180
 6058
 3284
 8581
 6633
 5172
 4500
 7792
 5030
 5226
 6210
 3018
 1939
 2068
 3168
 5283
 2041
 5927
 4232
 2515
 1423
 9416
 7264
 6471
 8625
 3198
 4211
 7964
 7385
 9378
 5549
 9638
 8082
 6464
 8550
 1857
 5372
 2390
 9129
 8898
 5246
 2073
 2051
 5119
 8418
 7407
 1625
 6973
 1495
 6126
 9570
 2694
 4546
 4611
 6937
 3061
 3423
 5458
 6828
 2765
 3925
 9466
 9459
 4526
 3942
 8981
 8606
 1851
 6802
 1355
 8395
 7683
 6229
 4617
 2308
 8426
 3718
 9511
 5499
 3838
 3302
 9642
 9819
 9780
 1001
 8653
 6183
 7972
 2963
 4342
 4833
 6021
 7758
 5779
 5021
 2164
 1245
 2897
 3416
 1648
 4634
 8756
 7373
 4552
 2621
 9668
 7010
 1984
 9513
 3899
 8541
 8510
 5785
 2931
 9749
 5491
 3114
 4702
 2324
 8560
 7122
 2002
 7998
 6450
 6380
 4682
 5197
 7850
 2678
 9840
 4322
 1935
 7653
 6240
 8892
 9108
 8705
 2254
 8109
 5672
 6948
 8355
 4319
 6943
 6859
 1917
 2085
 9079
 7980
 2506
 4721
 9576
 1235
 8661
 4839
 8118
 2835
 3366
 3875
 8051
 2865
 2361
 6104
 8435
 1193
 9510
 6369
 8387
 6147
 1213
 9233
 2576
 9137
 4182
 6363
 5292
 4382
 6391
 9458
 6073
 8004
 3839
 1431
 9071
 4690
 9922
 9187
 9608
 3896
 5040
 4353
 9508
 5518
 6486
 2272
 9828
 4292
 4586
 3378
 5523
 4233
 7519
 2992
 6796
 3143
 3849
 9599
 3995
 8050
 2607
 6203
 4614
 5586
 1509
 8068
 7644
 3881
 6020
 7471
 7734
 2060
 6694
 8660
 8398
 6614
 9034
 5498
 9360
 4870
 3691
 2809
 4873
 9739
 3823
 3464
 5466
 8786
 9341
 1125
 2412
 2142
 6938
 9365
 7389
 1403
 6819
 9056
 1291
 5129
 4226
 9892
 7882
 4080
 2553
 3731
 5544
 5206
 2761
 9766
 7649
 1144
 8669
 5577
 5942
 8300
 9257
 6595
 8188
 3323
 8506
 7650
 6596
 4335
 7083
 3555
 3530
 4068
 7105
 4005
 5902
 5400
 6741
 9168
 5816
 2513
 5687
 8800
 9571
 7547
 5287
 4419
 2582
 5937
 2433
 5722
 9854
 8428
 8424
 4004
 7707
 5187
 4893
 6031
 9883
 9070
 2763
 3391
 4314
 5216
 7109
 6129
 4648
 9009
 8977
 1106
 6752
 2049
 8298
 9519
 1654
 5746
 1009
 4230
 8816
 7467
 5606
 4805
 1952
 6578
 3377
 5385
 6527
 6907
 9026
 9580
 9159
 4044
 8579
 1579
 8264
 3996
 2709
 1858
 7957
 7853
 3420
 3553
 7843
 9563
 6604
 4188
 8279
 5865
 1081
 9949
 5858
 8153
 4348
 5424
 6912
 6552
 8409
 3717
 6387
 1281
 2258
 4649
 2885
 5839
 7209
 1962
 1735
 7233
 6346
 3739
 5418
 1779
 7844
 5448
 5564
 2600
 7312
 5352
 8670
 7567
 2875
 4179
 5015
 6754
 2937
 7002
 9255
 2030
 5874
 8585
 8908
 2864
 5608
 6158
 8643
 1725
 5761
 9663
 1651
 3097
 5382
 9415
 5612
 1501
 4811
 3821
 1354
 4639
 6154
 7807
 9260
 1936
 4899
 6455
 6970
 7093
 9705
 2008
 8642
 7778
 2914
 5494
 2486
 1333
 6093
 2420
 4027
 4829
 1349
 2404
 1319
 7108
 3692
 7315
 6271
 9292
 4116
 2795
 9847
 2925
 8622
 2853
 8044
 1796
 1306
 9329
 3315
 8372
 8555
 4733
 9005
 4633
 4613
 6074
 4661
 7956
 8505
 5440
 2013
 3179
 1819
 2883
 6352
 8647
 2689
 1981
 8127
 8681
 9285
 6420
 6980
 9547
 3221
 9061
 8181
 8895
 4863
 4522
 1718
 9385
 5805
 2840
 6432
 6262
 7384
 4958
 5368
 2594
 5846
 5626
 4014
 9499
 4996
 6273
 3473
 2556
 7212
 3171
 5956
 4851
 7815
 2488
 1866
 4774
 2508
 2606
 2823
 2681
 6049
 1532
 8271
 1425
 8543
 6580
 6991
 7499
 9348
 6236
 2812
 3158
 9770
 5346
 1712
 6847
 3351
 8173
 1036
 2143
 5469
 4872
 7139
 1158
 4370
 3900
 9357
 3974
 3708
 4205
 6433
 8943
 2742
 5604
 6709
 7439
 3320
 6469
 6029
 3789
 9591
 1408
 7419
 8342
 6924
 8900
 8470
 3790
 6671
 5012
 7818
 2757
 1304
 6745
 7370
 1401
 9982
 4239
 7154
 8016
 1151
 9526
 4464
 8399
 1267
 7245
 1520
 7330
 3869
 5084
 7415
 4244
 4511
 8326
 8447
 7087
 8495
 2998
 2301
 2439
 9337
 5658
 9664
 2695
 7119
 4628
 6397
 3078
 3308
 1168
 6359
 3251
 9419
 2752
 4340
 8273
 4308
 5599
 5093
 1231
 7281
 4087
 2876
 3591
 2886
 5651
 9089
 1972
 6892
 9444
 4658
 4008
 1105
 4012
 4283
 6747
 5688
 9769
 3548
 3489
 1110
 1268
 3192
 9509
 4395
 7263
 9987
 8438
 8749
 7085
 4928
 1708
 8737
 8828
 4760
 8467
 5575
 7999
 7208
 9507
 7729
 8507
 8616
 9829
 3298
 4942
 3844
 5123
 8094
 2579
 8401
 3392
 3516
 6267
 6298
 8063
 1473
 2973
 2237
 6323
 3988
 4288
 4813
 5081
 1840
 3783
 6869
 6864
 3580
 7799
 4330
 8600
 3495
 9842
 2443
 1316
 8498
 5648
 2756
 6510
 5044
 6961
 1308
 1301
 1717
 5851
 9167
 8989
 6812
 9977
 7256
 6033
 4446
 1589
 5195
 7578
 5939
 2070
 6457
 3200
 5709
 5358
 8026
 7678
 8598
 2235
 4256
 6217
 4563
 1441
 5679
 2135
 2232
 8694
 5138
 7833
 5237
 3073
 9939
 9449
 4161
 1944
 5090
 1080
 1263
 7227
 2741
 7971
 9038
 3357
 2499
 1409
 2185
 1496
 9904
 9049
 8536
 4699
 5771
 7566
 9944
 9115
 7896
 1100
 7594
 9932
 1398
 2380
 7287
 9016
 3487
 5462
 5989
 3510
 2592
 4731
 6474
 3935
 4398
 5480
 7243
 6675
 7591
 6407
 2851
 8220
 7313
 3778
 1715
 8104
 4181
 4930
 2816
 2629
 7317
 4907
 2491
 7826
 6930
 2976
 6658
 6586
 3986
 1702
 6539
 5854
 9773
 8319
 2050
 7961
 8194
 4927
 4999
 2799
 7179
 3607
 8441
 9741
 6686
 1107
 4990
 8062
 9098
 3340
 1778
 3219
 9807
 2012
 4922
 6618
 2605
 8748
 8091
 3288
 3444
 7192
 1987
 4163
 8634
 8667
 4793
 8460
 7056
 3118
 6778
 7909
 6762
 1643
 3813
 4650
 2622
 6635
 7113
 7797
 8321
 7978
 1784
 2024
 7009
 7403
 6820
 3086
 8587
 8165
 7599
 2140
 5302
 5208
 1790
 3222
 8520
 1091
 1186
 2962
 5732
 4364
 2397
 3353
 4828
 4889
 1181
 9797
 1275
 8311
 6164
 6542
 6141
 3454
 9980
 3765
 5947
 4235
 1963
 5503
 4769
 5682
 4841
 9220
 8429
 1039
 8225
 7297
 7745
 3490
 8854
 1557
 8711
 2527
 3677
 4328
 7322
 6042
 9864
 8811
 7821
 9258
 4809
 9698
 9927
 1015
 1434
 8740
 9023
 5543
 5398
 2312
 5389
 2667
 9081
 4250
 1732
 9836
 6681
 8871
 3260
 4667
 7365
 9894
 6905
 9541
 1827
 2156
 8007
 2857
 3611
 3841
 9218
 9372
 4599
 5911
 4368
 7283
 7670
 6204
 5859
 3859
 3918
 2197
 1899
 3684
 6059
 1942
 9227
 1472
 4756
 3904
 4768
 4564
 5795
 1575
 1527
 4689
 3634
 4534
 5356
 6388
 7773
 3720
 6732
 5591
 9514
 4367
 2179
 5004
 9859
 6996
 8053
 2852
 8583
 8783
 1767
 7775
 8940
 5334
 9942
 3661
 6602
 3582
 7307
 2180
 3140
 1457
 8741
 8009
 9271
 5997
 4505
 9943
 8688
 3079
 7362
 2877
 2117
 1278
 8955
 4875
 2354
 6358
 2001
 1612
 6306
 2231
 8500
 5042
 7026
 5923
 5387
 9117
 8113
 5592
 6880
 7345
 7641
 7726
 7094
 5121
 5563
 7835
 6726
 9975
 2564
 3199
 7269
 2102
 9938
 3253
 5076
 2166
 2693
 3144
 8476
 3105
 7464
 8792
 3034
 7217
 9929
 5436
 5680
 7988
 5979
 6783
 4425
 7015
 8965
 9822
 7337
 7854
 7242
 2040
 6730
 9345
 8724
 8945
 7211
 6364
 5166
 6289
 9155
 5250
 7610
 4092
 6727
 2584
 5364
 5644
 7279
 5820
 1387
 1259
 7747
 5821
 8408
 5125
 9764
 4304
 5114
 4424
 7526
 9021
 4965
 8733
 1748
 2687
 1126
 3318
 3010
 5276
 6045
 6952
 7975
 9298
 2536
 7290
 5712
 8691
 4747
 8845
 3095
 5972
 3934
 6713
 6305
 5553
 8043
 6456
 6572
 4933
 4779
 5260
 8130
 4876
 3033
 2912
 9463
 5557
 4655
 7524
 3565
 1733
 5760
 8831
 9800
 9010
 2173
 2035
 1442
 3831
 6392
 4921
 9784
 9875
 7663
 2479
 8291
 8632
 8525
 2987
 9965
 2452
 8137
 6478
 7692
 1192
 7298
 6184
 3058
 7879
 1028
 9637
 9135
 4972
 7679
 9237
 4744
 8198
 7354
 4084
 8275
 8675
 2846
 1645
 1803
 2745
 8886
 9368
 2666
 7549
 1644
 3080
 7228
 5001
 6002
 4421
 4269
 5516
 4151
 2346
 8572
 2063
 8285
 2949
 4983
 5514
 9644
 6702
 3280
 3581
 1837
 7774
 7963
 9948
 1794
 1026
 8221
 2137
 1136
 9330
 8184
 2161
 7480
 7172
 9275
 3710
 1287
 2627
 3955
 4688
 8125
 8420
 4497
 1045
 9182
 5492
 9682
 5582
 6028
 9064
 3224
 6932
 1128
 2302
 3975
 1723
 2834
 6525
 1076
 7142
 9116
 3627
 5624
 3371
 6875
 3939
 3945
 1132
 7342
 6118
 8850
 4416
 1564
 9772
 6294
 6149
 4784
 3370
 1358
 6638
 5029
 6529
 9578
 9109
 7207
 6543
 5008
 3578
 9724
 6933
 8151
 6378
 4643
 2915
 2833
 4707
 6400
 3369
 5657
 8723
 1918
 8644
 3455
 7864
 2253
 7039
 4193
 2632
 1997
 7347
 4687
 4529
 7165
 8497
 6355
 3254
 5370
 4502
 5026
 5724
 1394
 3335
 1345
 2441
 6169
 2639
 5381
 2375
 1216
 7960
 2337
 2257
 7762
 9912
 1241
 1086
 5876
 2637
 9060
 5536
 8315
 8434
 6794
 8286
 4710
 5933
 3928
 4565
 6646
 6138
 2498
 5064
 4844
 8375
 2328
 7973
 2635
 7237
 2692
 2647
 5027
 2440
 8366
 4519
 2517
 6833
 3421
 9657
 2093
 4788
 3683
 4776
 3745
 6459
 6978
 8002
 6027
 1255
 3411
 4140
 3944
 5186
 7691
 5973
 7231
 8839
 1507
 5188
 6855
 7092
 9409
 4556
 6565
 6969
 6014
 3363
 6893
 1497
 7702
 4846
 5341
 1256
 7554
 6781
 3908
 8485
 3723
 5384
 3635
 6518
 1073
 3819
 1169
 7829
 9121
 7908
 6377
 5748
 5881
 3642
 7874
 4148
 5929
 1931
 3230
 9646
 5344
 9933
 2356
 6188
 2568
 1369
 3967
 9762
 4509
 4157
 7875
 6959
 8337
 9502
 5915
 5016
 6737
 5649
 1525
 6264
 5068
 6214
 2928
 9403
 1203
 4742
 8921
 6632
 9881
 1812
 3615
 7332
 3279
 1647
 6447
 2682
 7537
 3399
 9751
 1117
 7951
 1893
 9743
 7659
 5134
 6317
 5131
 9437
 7408
 1537
 9460
 6538
 7608
 3041
 5715
 4113
 8471
 6194
 8993
 3419
 4280
 4202
 5308
 8521
 7785
 5635
 6999
 7685
 3523
 7522
 7334
 8135
 4575
 6247
 8112
 3529
 2974
 4015
 2177
 9907
 6405
 1334
 6882
 9201
 1122
 6191
 2078
 5464
 7546
 2939
 3701
 5446
 3172
 9249
 7424
 6923
 2119
 8663
 1838
 1506
 1217
 2342
 7915
 6903
 4334
 7041
 9170
 2920
 6717
 7156
 2652
 9234
 5034
 1652
 7884
 2372
 7901
 8493
 4736
 6731
 1642
 4254
 4701
 5235
 7248
 6789
 8804
 4093
 3116
 3574
 4814
 5092
 6756
 4892
 4923
 7786
 1722
 4115
 2169
 3956
 3265
 6100
 2062
 7301
 5791
 6722
 5360
 5046
 1934
 7380
 2449
 1688
 6852
 6863
 7450
 7084
 7286
 6878
 6327
 8953
 1011
 7514
 4009
 5405
 3906
 9424
 2314
 9181
 3156
 5975
 9865
 1665
 6177
 4324
 9851
 9676
 5524
 4985
 6664
 9076
 3512
 7931
 5383
 7232
 1406
 2736
 9232
 1979
 3659
 9691
 2708
 6299
 9335
 2628
 2653
 1053
 4918
 9989
 3685
 2997
 9031
 1350
 4588
 4426
 9085
 6296
 1051
 1662
 7271
 1142
 3741
 1447
 8714
 6398
 5659
 2562
 7167
 5692
 7422
 1351
 1549
 2929
 7268
 3270
 5790
 4766
 2277
 6470
 4824
 4980
 4062
 3558
 5934
 9452
 8261
 2825
 5147
 3148
 8546
 5171
 9654
 1474
 3121
 2785
 7292
 8069
 6068
 9574
 1244
 3845
 8556
 4032
 6867
 3184
 5703
 2366
 2025
 8938
 7261
 2437
 1185
 1362
 9655
 6007
 5631
 2275
 9777
 7493
 4584
 4986
 9226
 4853
 3711
 4940
 4282
 2728
 9717
 5306
 2544
 3372
 7635
 6805
 1743
 1592
 7752
 9790
 5173
 8066
 7832
 1823
 6846
 6674
 5465
 2624
 7870
 3864
 1492
 3626
 8735
 1148
 2330
 1923
 1451
 9281
 9824
 6915
 1689
 6133
 1309
 3161
 9399
 4137
 9113
 3605
 6662
 2087
 7383
 7454
 7891
 5664
 4422
 7198
 2983
 3325
 5204
 8563
 9497
 6672
 9342
 3963
 8835
 9972
 3098
 9813
 2136
 9678
 4752
 7205
 6001
 7806
 6179
 2205
 6011
 5298
 9290
 5350
 3379
 7058
 5777
 2081
 9431
 8904
 9789
 5185
 2619
 4337
 9643
 7090
 6897
 9028
 3347
 4645
 3043
 4307
 2725
 2750
 2815
 5331
 3540
 9990
 6132
 7225
 1055
 9067
 3759
 4680
 9641
 7249
 7170
 1864
 1458
 1967
 5112
 8351
 9217
 6873
 9308
 4718
 4390
 8530
 6006
 5723
 9961
 9539
 1780
 7476
 7889
 5177
 4471
 4770
 8755
 1154
 6115
 2566
 2975
 7059
 7069
 4746
 1486
 8482
 1003
 5378
 6443
 9993
 3932
 6977
 6773
 2028
 4843
 3736
 9141
 4557
 3117
 3173
 3588
 8901
 8086
 2167
 1721
 3954
 8972
 5055
 8747
 1926
 7958
 3126
 8270
 9833
 4944
 3428
 1674
 4941
 9174
 4848
 9583
 3848
 6128
 6000
 7700
 3897
 5133
 1357
 6609
 3132
 4067
 1194
 2575
 7012
 2805
 2131
 6763
 3792
 8936
 4108
 8508
 8930
 7622
 8178
 2614
 4234
 3049
 8840
 2773
 9706
 5766
 3791
 1262
 9395
 6341
 1897
 9225
 9450
 3527
 3395
 1855
 6426
 8684
 9297
 7855
 4623
 1212
 3040
 7577
 6039
 9317
 6475
 7771
 8140
 5578
 8210
 4135
 9844
 7274
 1692
 6540
 5376
 4350
 4703
 7299
 7023
 8481
 4666
 4998
 8244
 6328
 2245
 6626
 5517
 7398
 8812
 2399
 8486
 7553
 8159
 8479
 2813
 1468
 8785
 6889
 8211
 4127
 7369
 7168
 3460
 7992
 8933
 8167
 4270
 2355
 9953
 9446
 4309
 6460
 9830
 8132
 5052
 2071
 9180
 1005
 4741
 5811
 6312
 3761
 3360
 8296
 3007
 2943
 3726
 9166
 9709
 7703
 6168
 3583
 7327
 2713
 6340
 3316
 3082
 6270
 3576
 3197
 9639
 3812
 6997
 3239
 6113
 2075
 5834
 6545
 5637
 5193
 5248
 1456
 6569
 8333
 4066
 7343
 7930
 7333
 5122
 6919
 8179
 2347
 5856
 8610
 4598
 7742
 3052
 5100
 2470
 5106
 1074
 6612
 8245
 6202
 9930
 4099
 9243
 3571
 1970
 5221
 4129
 5244
 9130
 3958
 6708
 9718
 5931
 6332
 3301
 3196
 2744
 8763
 4499
 8621
 2832
 9611
 4743
 4345
 7378
 2764
 9303
 2475
 7687
 1666
 8464
 3001
 3511
 6276
 3604
 5560
 4569
 3730
 5313
 4210
 2926
 5312
 5454
 9600
 5728
 5461
 2352
 4926
 4377
 1195
 5708
 7984
 2039
 9119
 6023
 1119
 2958
 6986
 5913
 3656
 5203
 2103
 9214
 5343
 2781
 6965
 3488
 3513
 2947
 5168
 9367
 1900
 1056
 9235
 8323
 9320
 9120
 2493
 2393
 5379
 8142
 7224
 4258
 6484
 6356
 5075
 1108
 1103
 8793
 2118
 7189
 1374
 5889
 2359
 5868
 5946
 2738
 6738
 8988
 5566
 8601
 4365
 2603
 9909
 5870
 9272
 2056
 5995
 9658
 8974
 8987
 2363
 3321
 5694
 6385
 9522
 7581
 2276
 7943
 5817
 5243
 8902
 9781
 4589
 4455
 3868
 4114
 1227
 9386
 3794
 1512
 2100
 5842
 6173
 6071
 9269
 9714
 6207
 9276
 6101
 7117
 1843
 9818
 8978
 5395
 7732
 8249
 3971
 5945
 4475
 7187
 3631
 2262
 7708
 7674
 3107
 2278
 9879
 4252
 5642
 8571
 3414
 7364
 9156
 6622
 5831
 8344
 6297
 2528
 8935
 4034
 2408
 9294
 8859
 1956
 9041
 1619
 7220
 7819
 5473
 4224
 3258
 8065
 5438
 1757
 1687
 8267
 3358
 7614
 3401
 4147
 4845
 8771
 7267
 9951
 7223
 8515
 8396
 2190
 2466
 5451
 2839
 2792
 7637
 9512
 7143
 3120
 2379
 6343
 6219
 8524
 5800
 3526
 9837
 3589
 4494
 1202
 5862
 9453
 7349
 9144
 9900
 8442
 7014
 3057
 4074
 7987
 1200
 7288
 5841
 6790
 6485
 3509
 1198
 3276
 9595
 4700
 5849
 2369
 7866
 7592
 9425
 3688
 7634
 2726
 9853
 1161
 9263
 5127
 3768
 8309
 1821
 8609
 5970
 5053
 9054
 6668
 4685
 2645
 9150
 7194
 9841
 8969
 9504
 7414
 5912
 8133
 1141
 7128
 2122
 3885
 7151
 1518
 1288
 6143
 4981
 6026
 2783
 7754
 2400
 6446
 2123
 5238
 8565
 7305
 4596
 1343
 6195
 3264
 6685
 2153
 4434
 3182
 2214
 8963
 6458
 8436
 5253
 3313
 6452
 8276
 9387
 5830
 2480
 5891
 3481
 4435
 3381
 6185
 3350
 3815
 1094
 2492
 1921
 2116
 7970
 5377
 3248
 3521
 8490
 8537
 2018
 7054
 8842
 3551
 6928
 9456
 6476
 4632
 8927
 7658
 9968
 9753
 8803
 9106
 2405
 6434
 9482
 4028
 7808
 1237
 2786
 4097
 4808
 1617
 7857
 8715
 3603
 3754
 7878
 9855
 2658
 9796
 9215
 9732
 2596
 9358
 2512
 2080
 3536
 2960
 9974
 3830
 6393
 3698
 5425
 1729
 5338
 7240
 4079
 3163
 4523
 7448
 7544
 3091
 1018
 2737
 1020
 7571
 6733
 2077
 9941
 7743
 3367
 3427
 3985
 8121
 1611
 5762
 1311
 8912
 6144
 4651
 3531
 2383
 1559
 1229
 2735
 2935
 5706
 2107
 3296
 4932
 2724
 2698
 6673
 3648
 5020
 6481
 2139
 8049
 5711
 7235
 7262
 5132
 6901
 7329
 3959
 9674
 2011
 1393
 3436
 8288
 9820
 1848
 2279
 3770
 3255
 1529
 1671
 4412
 6822
 2657
 2256
 4516
 7836
 7341
 2121
 5181
 7196
 9999
 8458
 6714
 8566
 9213
 8853
 2514
 1829
 5257
 8829
 9487
 8874
 5610
 5281
 9411
 4082
 9046
 4631
 5174
 1521
 9906
 3801
 8911
 3760
 1260
 9810
 5155
 6655
 3782
 1601
 6723
 7849
 1929
 5111
 1544
 5593
 9521
 2421
 3552
 3433
 2335
 3210
 8322
 2351
 5675
 3666
 4850
 7368
 4911
 9559
 6591
 7596
 3074
 7587
 7028
 5702
 7590
 6755
 8474
 5371
 4430
 3851
 1467
 8897
 8123
 6167
 5212
 6660
 1878
 3386
 1082
 4273
 1739
 3299
 948
 645
 211
 573
 485
 289
 662
 490
  34
 594
 170
 478
 611
 169
 924
 874
 983
 615
 980
 228
 447
 696
 639
  42
 862
 309
 890
 774
 372
 933
 603
 899
 608
 751
 337
 331
 140
 930
 403
 900
 880
 775
 569
 163
  83
 749
  35
 586
 446
 977
 288
 279
  14
 415
 434
 865
 448
 457
 117
 362
 981
 491
 387
 482
 708
 509
 358
 856
 284
 925
  50
 353
 916
 275
 800
 730
  66
 551
 214
 178
 332
 529
 431
 231
 684
 989
 911
 952
 931
 167
 371
 248
 935
 452
 166
 687
 979
 390
 401
 202
 771
 720
 194
 111
 131
 614
  92
 854
 122
  29
 104
 650
 816
 155
 635
  97
 858
 536
 149
  65
 369
 256
 243
 852
 302
 922
 953
 438
 304
 349
 887
 652
 870
 968
 464
 528
 734
 778
 797
 408
  78
  95
 929
 286
 249
 142
 949
 735
 469
 420
 976
 986
 262
 377
  12
 375
 282
 882
 864
 456
 267
 748
 368
 628
 207
 201
 849
 973
  27
 467
 480
  85
 972
 458
  48
 923
  90
 463
 892
 382
 801
 219
 769
 336
 472
 127
 695
 878
  81
 963
 297
 970
 627
 465
 618
 846
 733
 110
 623
 829
 672
 642
 410
 717
 644
 361
  52
 229
 281
 532
 871
 355
 177
 125
 160
 348
 833
 190
 258
 317
 600
  11
  77
 602
  57
 667
 421
  60
 699
 511
 595
 697
 591
 988
 123
 116
 742
 674
 685
 522
 723
 526
 694
 996
 837
 847
 141
 671
 552
 506
 891
 479
 791
 161
 533
 416
 728
 360
  43
  21
 634
 208
 257
  80
 670
 909
 784
 384
 346
  99
 301
 351
 805
 378
 770
 750
 572
 462
 824
 679
 512
 550
  79
 507
 237
 424
 656
 752
 637
 567
 710
 100
 514
 921
 300
 320
 476
 195
  82
 352
 740
 655
 835
 531
 120
 845
 875
 815
 954
 601
 959
 433
 999
 139
 393
 259
 133
 321
 872
 654
 884
 739
 240
 906
 638
 625
 843
 234
 293
 182
 651
 252
 934
 365
 568
   8
 606
 138
 487
 397
 306
 960
 894
 598
 525
 144
 725
 763
 113
 848
 518
 855
 436
  39
  23
 851
 359
 291
 294
 409
 626
 647
  76
 192
 342
 341
   9
 724
 486
  88
 444
 609
 450
 706
 157
 641
 579
 798
 818
 975
 974
  13
 563
 737
 477
 913
 530
 148
  17
 919
 961
 559
 232
  24
 107
 483
   6
  38
 565
 682
 326
 493
 238
 722
 795
 904
 997
 741
 830
 898
 132
 669
 910
  44
 185
 766
 951
 686
 204
 435
 842
 589
 366
 323
  53
 152
 820
 253
 917
 489
  94
  26
  58
 943
 632
 920
 312
 866
 386
  46
 523
 574
 521
 657
   4
 783
 812
 755
  91
 339
 673
 719
 473
 543
 901
 994
 539
  30
 171
 449
 905
 992
 578
 432
 683
 128
 555
 907
 499
  41
 807
 596
  49
 576
 439
 661
 354
  45
 987
 629
 488
 189
 883
  33
 109
 764
   1
 790
 335
 405
 261
 914
 224
 500
 290
 747
 738
 210
 455
 765
 630
 985
 713
 466
 776
 534
 915
 782
 811
 271
  73
  32
 840
 215
 786
 303
 965
 145
 322
 454
 461
  72
 947
 950
 624
 966
 566
  67
 247
 584
 363
 817
 505
 605
 264
 165
 398
 183
  25
 544
 406
 278
 272
 151
 712
 759
 773
 928
 193
 560
 677
 143
 692
 821
 399
 524
 757
 649
 510
 319
 588
  16
 863
 744
 343
 515
 903
 693
 442
 926
 181
 808
 162
 585
 653
 599
 338
  93
 220
  19
 535
 941
 993
 768
 227
 118
 792
 441
 333
 173
 681
 395
 437
 206
 736
 548
 978
 577